  0.00  -0.93
  0.00  -0.93
  0.01  -0.93
  0.01  -0.93
  0.01  -0.93
  0.01  -0.93
  0.02  -0.93
  0.02  -0.92
  0.02  -0.92
  0.03  -0.94
  0.03  -0.94
  0.03  -0.95
  0.03  -0.97
  0.04  -0.97
  0.04  -0.98
  0.04  -0.98
  0.04  -0.96
  0.05  -0.95
  0.05  -0.94
  0.05  -0.91
  0.06  -0.93
  0.06  -0.93
  0.06  -0.94
  0.06  -0.95
  0.07  -0.96
  0.07  -0.96
  0.07  -0.96
  0.07  -0.97
  0.08  -0.96
  0.08  -0.97
  0.08  -0.98
  0.09  -0.95
  0.09  -0.95
  0.09  -0.95
  0.09  -0.93
  0.10  -0.93
  0.10  -0.94
  0.10  -0.95
  0.11  -0.97
  0.11  -0.95
  0.11  -0.96
  0.11  -0.96
  0.12  -0.94
  0.12  -0.93
  0.12  -0.93
  0.12  -0.94
  0.13  -0.94
  0.13  -0.94
  0.13  -0.95
  0.14  -0.95
  0.14  -0.98
  0.14  -0.96
  0.14  -0.96
  0.15  -0.94
  0.15  -0.95
  0.15  -0.94
  0.16  -0.94
  0.16  -0.95
  0.16  -0.96
  0.16  -0.95
  0.17  -0.97
  0.17  -0.98
  0.17  -0.97
  0.17  -0.97
  0.18  -0.96
  0.18  -0.95
  0.18  -0.95
  0.19  -0.94
  0.19  -0.93
  0.19  -0.93
  0.19  -0.94
  0.20  -0.94
  0.20  -0.95
  0.20  -0.97
  0.21  -0.96
  0.21  -0.96
  0.21  -0.97
  0.21  -0.97
  0.22  -0.96
  0.22  -0.93
  0.22  -0.95
  0.23  -0.96
  0.23  -0.97
  0.23  -0.95
  0.23  -0.96
  0.24  -0.96
  0.24  -0.96
  0.24  -0.97
  0.24  -0.95
  0.25  -0.94
  0.25  -0.94
  0.25  -0.93
  0.26  -0.93
  0.26  -0.93
  0.26  -0.93
  0.26  -0.94
  0.27  -0.96
  0.27  -0.95
  0.27  -0.96
  0.28  -0.95
  0.28  -0.94
  0.28  -0.94
  0.28  -0.93
  0.29  -0.92
  0.29  -0.93
  0.29  -0.92
  0.29  -0.93
  0.30  -0.94
  0.30  -0.94
  0.30  -0.94
  0.31  -0.96
  0.31  -0.94
  0.31  -0.91
  0.31  -0.89
  0.32  -0.85
  0.32  -0.82
  0.32  -0.82
  0.33  -0.81
  0.33  -0.82
  0.33  -0.81
  0.33  -0.83
  0.34  -0.83
  0.34  -0.83
  0.34  -0.79
  0.34  -0.78
  0.35  -0.76
  0.35  -0.75
  0.35  -0.76
  0.36  -0.74
  0.36  -0.75
  0.36  -0.78
  0.36  -0.78
  0.37  -0.80
  0.37  -0.82
  0.37  -0.84
  0.38  -0.84
  0.38  -0.83
  0.38  -0.82
  0.38  -0.83
  0.39  -0.85
  0.39  -0.86
  0.39  -0.90
  0.39  -0.92
  0.40  -0.93
  0.40  -0.94
  0.40  -0.94
  0.41  -0.95
  0.41  -0.98
  0.41  -0.97
  0.41  -0.97
  0.42  -0.97
  0.42  -0.94
  0.42  -0.96
  0.42  -0.96
  0.43  -0.96
  0.43  -0.96
  0.43  -0.98
  0.44  -0.98
  0.44  -0.99
  0.44  -0.99
  0.44  -0.97
  0.45  -0.98
  0.45  -0.97
  0.45  -0.95
  0.46  -0.94
  0.46  -0.94
  0.46  -0.95
  0.46  -0.95
  0.47  -0.97
  0.47  -0.98
  0.47  -0.97
  0.47  -0.95
  0.48  -0.91
  0.48  -0.83
  0.48  -0.75
  0.49  -0.62
  0.49  -0.50
  0.49  -0.34
  0.49  -0.17
  0.50  -0.04
  0.50   0.03
  0.50   0.01
  0.51  -0.11
  0.51  -0.33
  0.51  -0.58
  0.51  -0.86
  0.52  -1.16
  0.52  -1.42
  0.52  -1.62
  0.53  -1.75
  0.53  -1.76
  0.53  -1.68
  0.53  -1.56
  0.54  -1.45
  0.54  -1.33
  0.54  -1.25
  0.54  -1.17
  0.55  -1.10
  0.55  -1.01
  0.55  -0.94
  0.56  -0.89
  0.56  -0.86
  0.56  -0.86
  0.56  -0.87
  0.57  -0.89
  0.57  -0.89
  0.57  -0.91
  0.57  -0.91
  0.58  -0.89
  0.58  -0.85
  0.58  -0.84
  0.59  -0.83
  0.59  -0.84
  0.59  -0.83
  0.59  -0.84
  0.60  -0.85
  0.60  -0.83
  0.60  -0.84
  0.61  -0.84
  0.61  -0.85
  0.61  -0.82
  0.61  -0.81
  0.62  -0.81
  0.62  -0.79
  0.62  -0.79
  0.62  -0.79
  0.63  -0.78
  0.63  -0.79
  0.63  -0.78
  0.64  -0.80
  0.64  -0.79
  0.64  -0.79
  0.64  -0.78
  0.65  -0.76
  0.65  -0.76
  0.65  -0.73
  0.66  -0.72
  0.66  -0.72
  0.66  -0.72
  0.66  -0.73
  0.67  -0.72
  0.67  -0.72
  0.67  -0.72
  0.68  -0.74
  0.68  -0.72
  0.68  -0.70
  0.68  -0.69
  0.69  -0.66
  0.69  -0.68
  0.69  -0.67
  0.69  -0.66
  0.70  -0.65
  0.70  -0.65
  0.70  -0.62
  0.71  -0.63
  0.71  -0.61
  0.71  -0.59
  0.71  -0.57
  0.72  -0.56
  0.72  -0.53
  0.72  -0.52
  0.72  -0.51
  0.73  -0.48
  0.73  -0.47
  0.73  -0.48
  0.74  -0.45
  0.74  -0.45
  0.74  -0.44
  0.74  -0.40
  0.75  -0.38
  0.75  -0.34
  0.75  -0.30
  0.76  -0.30
  0.76  -0.29
  0.76  -0.28
  0.76  -0.28
  0.77  -0.25
  0.77  -0.26
  0.77  -0.25
  0.78  -0.24
  0.78  -0.22
  0.78  -0.20
  0.78  -0.20
  0.79  -0.17
  0.79  -0.17
  0.79  -0.17
  0.79  -0.17
  0.80  -0.18
  0.80  -0.20
  0.80  -0.20
  0.81  -0.23
  0.81  -0.23
  0.81  -0.27
  0.81  -0.27
  0.82  -0.28
  0.82  -0.30
  0.82  -0.34
  0.82  -0.36
  0.83  -0.40
  0.83  -0.43
  0.83  -0.47
  0.84  -0.51
  0.84  -0.54
  0.84  -0.56
  0.84  -0.59
  0.85  -0.61
  0.85  -0.63
  0.85  -0.65
  0.86  -0.67
  0.86  -0.69
  0.86  -0.73
  0.86  -0.75
  0.87  -0.78
  0.87  -0.80
  0.87  -0.79
  0.88  -0.82
  0.88  -0.81
  0.88  -0.81
  0.88  -0.81
  0.89  -0.81
  0.89  -0.81
  0.89  -0.82
  0.89  -0.82
  0.90  -0.84
  0.90  -0.86
  0.90  -0.87
  0.91  -0.89
  0.91  -0.89
  0.91  -0.88
  0.91  -0.87
  0.92  -0.87
  0.92  -0.85
  0.92  -0.86
  0.93  -0.85
  0.93  -0.85
  0.93  -0.86
  0.93  -0.87
  0.94  -0.87
  0.94  -0.87
  0.94  -0.86
  0.94  -0.86
  0.95  -0.85
  0.95  -0.84
  0.95  -0.84
  0.96  -0.82
  0.96  -0.86
  0.96  -0.87
  0.96  -0.86
  0.97  -0.86
  0.97  -0.87
  0.97  -0.86
  0.97  -0.86
  0.98  -0.84
  0.98  -0.84
  0.98  -0.82
  0.99  -0.82
  0.99  -0.82
  0.99  -0.83
  0.99  -0.82
  1.00  -0.83
  1.00  -0.85
  1.00  -0.87
  1.01  -0.88
  1.01  -0.88
  1.01  -0.88
  1.01  -0.88
  1.02  -0.88
  1.02  -0.86
  1.02  -0.85
  1.02  -0.85
  1.03  -0.86
  1.03  -0.88
  1.03  -0.88
  1.04  -0.89
  1.04  -0.90
  1.04  -0.90
  1.04  -0.89
  1.05  -0.90
  1.05  -0.89
  1.05  -0.89
  1.06  -0.89
  1.06  -0.89
  1.06  -0.90
  1.06  -0.92
  1.07  -0.92
  1.07  -0.92
  1.07  -0.94
  1.07  -0.92
  1.08  -0.93
  1.08  -0.91
  1.08  -0.90
  1.09  -0.90
  1.09  -0.91
  1.09  -0.92
  1.09  -0.93
  1.10  -0.93
  1.10  -0.95
  1.10  -0.94
  1.11  -0.97
  1.11  -0.95
  1.11  -0.93
  1.11  -0.94
  1.12  -0.91
  1.12  -0.91
  1.12  -0.90
  1.12  -0.91
  1.13  -0.91
  1.13  -0.92
  1.13  -0.92
  1.14  -0.94
  1.14  -0.93
  1.14  -0.94
  1.14  -0.93
  1.15  -0.92
  1.15  -0.92
  1.15  -0.91
  1.16  -0.92
  1.16  -0.92
  1.16  -0.93
  1.16  -0.92
  1.17  -0.93
  1.17  -0.94
  1.17  -0.94
  1.18  -0.95
  1.18  -0.93
  1.18  -0.92
  1.18  -0.92
  1.19  -0.91
  1.19  -0.92
  1.19  -0.92
  1.19  -0.92
  1.20  -0.94
  1.20  -0.95
  1.20  -0.94
  1.21  -0.94
  1.21  -0.94
  1.21  -0.94
  1.21  -0.94
  1.22  -0.93
  1.22  -0.93
  1.22  -0.92
  1.23  -0.93
  1.23  -0.94
  1.23  -0.94
  1.23  -0.94
  1.24  -0.94
  1.24  -0.97
  1.24  -0.97
  1.24  -0.96
  1.25  -0.94
  1.25  -0.93
  1.25  -0.92
  1.26  -0.93
  1.26  -0.93
  1.26  -0.92
  1.26  -0.93
  1.27  -0.94
  1.27  -0.94
  1.27  -0.95
  1.27  -0.94
  1.28  -0.94
  1.28  -0.93
  1.28  -0.93
  1.29  -0.92
  1.29  -0.92
  1.29  -0.93
  1.29  -0.92
  1.30  -0.94
  1.30  -0.94
  1.30  -0.95
  1.31  -0.95
  1.31  -0.95
  1.31  -0.95
  1.31  -0.93
  1.32  -0.93
  1.32  -0.92
  1.32  -0.92
  1.32  -0.93
  1.33  -0.94
  1.33  -0.95
  1.33  -0.97
  1.34  -0.98
  1.34  -0.96
  1.34  -0.97
  1.34  -0.94
  1.35  -0.94
  1.35  -0.94
  1.35  -0.92
  1.36  -0.92
  1.36  -0.93
  1.36  -0.93
  1.36  -0.94
  1.37  -0.94
  1.37  -0.94
  1.37  -0.94
  1.38  -0.94
  1.38  -0.94
  1.38  -0.93
  1.38  -0.92
  1.39  -0.92
  1.39  -0.92
  1.39  -0.93
  1.39  -0.92
  1.40  -0.92
  1.40  -0.93
  1.40  -0.94
  1.41  -0.94
  1.41  -0.94
  1.41  -0.93
  1.41  -0.93
  1.42  -0.92
  1.42  -0.91
  1.42  -0.91
  1.43  -0.91
  1.43  -0.92
  1.43  -0.94
  1.43  -0.94
  1.44  -0.94
  1.44  -0.93
  1.44  -0.91
  1.44  -0.89
  1.45  -0.86
  1.45  -0.84
  1.45  -0.81
  1.46  -0.81
  1.46  -0.80
  1.46  -0.81
  1.46  -0.83
  1.47  -0.82
  1.47  -0.82
  1.47  -0.80
  1.48  -0.80
  1.48  -0.79
  1.48  -0.76
  1.48  -0.73
  1.49  -0.72
  1.49  -0.72
  1.49  -0.74
  1.49  -0.75
  1.50  -0.77
  1.50  -0.80
  1.50  -0.81
  1.51  -0.82
  1.51  -0.81
  1.51  -0.82
  1.51  -0.82
  1.52  -0.84
  1.52  -0.84
  1.52  -0.88
  1.52  -0.89
  1.53  -0.92
  1.53  -0.93
  1.53  -0.94
  1.54  -0.95
  1.54  -0.95
  1.54  -0.95
  1.54  -0.94
  1.55  -0.94
  1.55  -0.94
  1.55  -0.93
  1.56  -0.93
  1.56  -0.94
  1.56  -0.94
  1.56  -0.95
  1.57  -0.96
  1.57  -0.98
  1.57  -0.97
  1.57  -0.97
  1.58  -0.97
  1.58  -0.96
  1.58  -0.96
  1.59  -0.94
  1.59  -0.95
  1.59  -0.95
  1.59  -0.95
  1.60  -0.96
  1.60  -0.96
  1.60  -0.96
  1.61  -0.95
  1.61  -0.94
  1.61  -0.92
  1.61  -0.91
  1.62  -0.86
  1.62  -0.79
  1.62  -0.71
  1.62  -0.60
  1.63  -0.49
  1.63  -0.35
  1.63  -0.23
  1.64  -0.10
  1.64  -0.04
  1.64  -0.09
  1.64  -0.21
  1.65  -0.43
  1.65  -0.69
  1.65  -0.97
  1.66  -1.24
  1.66  -1.49
  1.66  -1.67
  1.66  -1.73
  1.67  -1.70
  1.67  -1.60
  1.67  -1.49
  1.68  -1.38
  1.68  -1.27
  1.68  -1.20
  1.68  -1.12
  1.69  -1.03
  1.69  -0.98
  1.69  -0.93
  1.69  -0.89
  1.70  -0.89
  1.70  -0.89
  1.70  -0.87
  1.71  -0.90
  1.71  -0.91
  1.71  -0.90
  1.71  -0.87
  1.72  -0.85
  1.72  -0.84
  1.72  -0.82
  1.73  -0.83
  1.73  -0.82
  1.73  -0.83
  1.73  -0.84
  1.74  -0.84
  1.74  -0.84
  1.74  -0.83
  1.74  -0.83
  1.75  -0.83
  1.75  -0.81
  1.75  -0.79
  1.76  -0.79
  1.76  -0.79
  1.76  -0.79
  1.76  -0.80
  1.77  -0.80
  1.77  -0.80
  1.77  -0.80
  1.77  -0.81
  1.78  -0.79
  1.78  -0.78
  1.78  -0.78
  1.79  -0.76
  1.79  -0.76
  1.79  -0.76
  1.79  -0.76
  1.80  -0.76
  1.80  -0.76
  1.80  -0.77
  1.81  -0.76
  1.81  -0.77
  1.81  -0.76
  1.81  -0.74
  1.82  -0.73
  1.82  -0.70
  1.82  -0.74
  1.82  -0.71
  1.83  -0.70
  1.83  -0.71
  1.83  -0.71
  1.84  -0.71
  1.84  -0.70
  1.84  -0.69
  1.84  -0.67
  1.85  -0.65
  1.85  -0.61
  1.85  -0.59
  1.86  -0.59
  1.86  -0.59
  1.86  -0.58
  1.86  -0.57
  1.87  -0.56
  1.87  -0.56
  1.87  -0.55
  1.88  -0.53
  1.88  -0.52
  1.88  -0.48
  1.88  -0.47
  1.89  -0.43
  1.89  -0.41
  1.89  -0.38
  1.89  -0.39
  1.90  -0.38
  1.90  -0.36
  1.90  -0.34
  1.91  -0.34
  1.91  -0.32
  1.91  -0.30
  1.91  -0.28
  1.92  -0.25
  1.92  -0.25
  1.92  -0.24
  1.93  -0.23
  1.93  -0.23
  1.93  -0.22
  1.93  -0.23
  1.94  -0.23
  1.94  -0.23
  1.94  -0.23
  1.94  -0.24
  1.95  -0.24
  1.95  -0.25
  1.95  -0.25
  1.96  -0.26
  1.96  -0.27
  1.96  -0.30
  1.96  -0.34
  1.97  -0.38
  1.97  -0.41
  1.97  -0.45
  1.98  -0.48
  1.98  -0.50
  1.98  -0.51
  1.98  -0.55
  1.99  -0.57
  1.99  -0.58
  1.99  -0.61
  1.99  -0.65
  2.00  -0.68
  2.00  -0.72
  2.00  -0.75
  2.01  -0.78
  2.01  -0.78
  2.01  -0.80
  2.01  -0.81
  2.02  -0.81
  2.02  -0.81
  2.02  -0.82
  2.02  -0.84
  2.03  -0.86
  2.03  -0.88
  2.03  -0.89
  2.04  -0.90
  2.04  -0.89
  2.04  -0.90
  2.04  -0.90
  2.05  -0.89
  2.05  -0.89
  2.05  -0.89
  2.06  -0.89
  2.06  -0.88
  2.06  -0.89
  2.06  -0.90
  2.07  -0.91
  2.07  -0.91
  2.07  -0.91
  2.08  -0.90
  2.08  -0.89
  2.08  -0.89
  2.08  -0.88
  2.09  -0.86
  2.09  -0.86
  2.09  -0.86
  2.09  -0.85
  2.10  -0.89
  2.10  -0.87
  2.10  -0.88
  2.11  -0.90
  2.11  -0.90
  2.11  -0.89
  2.11  -0.87
  2.12  -0.87
  2.12  -0.85
  2.12  -0.85
  2.12  -0.85
  2.13  -0.85
  2.13  -0.86
  2.13  -0.87
  2.14  -0.88
  2.14  -0.90
  2.14  -0.91
  2.14  -0.90
  2.15  -0.90
  2.15  -0.90
  2.15  -0.88
  2.16  -0.89
  2.16  -0.89
  2.16  -0.89
  2.16  -0.90
  2.17  -0.91
  2.17  -0.92
  2.17  -0.93
  2.17  -0.94
  2.18  -0.94
  2.18  -0.93
  2.18  -0.92
  2.19  -0.91
  2.19  -0.92
  2.19  -0.91
  2.19  -0.93
  2.20  -0.94
  2.20  -0.94
  2.20  -0.96
  2.21  -0.97
  2.21  -0.96
  2.21  -0.96
  2.21  -0.95
  2.22  -0.95
  2.22  -0.97
  2.22  -0.94
  2.23  -0.94
  2.23  -0.94
  2.23  -0.96
  2.23  -0.97
  2.24  -0.98
  2.24  -0.99
  2.24  -1.01
  2.24  -1.02
  2.25  -0.99
  2.25  -0.99
  2.25  -0.97
  2.26  -0.97
  2.26  -0.97
  2.26  -0.96
  2.26  -0.99
  2.27  -0.99
  2.27  -1.00
  2.27  -1.01
  2.27  -1.00
  2.28  -0.99
  2.28  -0.99
  2.28  -0.99
  2.29  -0.99
  2.29  -1.00
  2.29  -0.99
  2.29  -1.00
  2.30  -1.00
  2.30  -1.00
  2.30  -1.02
  2.31  -1.03
  2.31  -1.03
  2.31  -1.02
  2.31  -1.02
  2.32  -1.01
  2.32  -0.99
  2.32  -1.00
  2.33  -1.00
  2.33  -1.01
  2.33  -1.03
  2.33  -1.02
  2.34  -1.03
  2.34  -1.04
  2.34  -1.04
  2.34  -1.02
  2.35  -1.03
  2.35  -1.02
  2.35  -1.00
  2.36  -1.00
  2.36  -1.00
  2.36  -1.01
  2.36  -1.02
  2.37  -1.01
  2.37  -1.03
  2.37  -1.04
  2.38  -1.04
  2.38  -1.05
  2.38  -1.03
  2.38  -1.02
  2.39  -1.01
  2.39  -1.02
  2.39  -1.01
  2.39  -1.01
  2.40  -1.04
  2.40  -1.03
  2.40  -1.05
  2.41  -1.05
  2.41  -1.05
  2.41  -1.04
  2.41  -1.04
  2.42  -1.02
  2.42  -1.00
  2.42  -1.00
  2.42  -1.01
  2.43  -1.01
  2.43  -1.01
  2.43  -1.02
  2.44  -1.03
  2.44  -1.06
  2.44  -1.06
  2.44  -1.03
  2.45  -1.04
  2.45  -1.03
  2.45  -1.01
  2.46  -1.01
  2.46  -1.02
  2.46  -1.00
  2.46  -1.01
  2.47  -1.01
  2.47  -1.03
  2.47  -1.03
  2.48  -1.03
  2.48  -1.03
  2.48  -1.03
  2.48  -1.03
  2.49  -1.02
  2.49  -1.00
  2.49  -1.00
  2.49  -1.02
  2.50  -1.03
  2.50  -1.02
  2.50  -1.04
  2.51  -1.05
  2.51  -1.04
  2.51  -1.04
  2.51  -1.01
  2.52  -1.01
  2.52  -1.00
  2.52  -1.01
  2.52  -1.01
  2.53  -1.02
  2.53  -1.02
  2.53  -1.01
  2.54  -1.02
  2.54  -1.02
  2.54  -1.04
  2.54  -1.02
  2.55  -1.01
  2.55  -1.00
  2.55  -0.99
  2.56  -0.99
  2.56  -0.98
  2.56  -0.98
  2.56  -0.98
  2.57  -1.00
  2.57  -1.00
  2.57  -0.99
  2.58  -0.98
  2.58  -0.96
  2.58  -0.95
  2.58  -0.93
  2.59  -0.93
  2.59  -0.93
  2.59  -0.92
  2.59  -0.93
  2.60  -0.92
  2.60  -0.90
  2.60  -0.90
  2.61  -0.89
  2.61  -0.88
  2.61  -0.88
  2.61  -0.84
  2.62  -0.82
  2.62  -0.82
  2.62  -0.81
  2.62  -0.81
  2.63  -0.82
  2.63  -0.84
  2.63  -0.86
  2.64  -0.89
  2.64  -0.90
  2.64  -0.92
  2.64  -0.91
  2.65  -0.90
  2.65  -0.91
  2.65  -0.92
  2.66  -0.94
  2.66  -0.96
  2.66  -0.97
  2.66  -1.00
  2.67  -1.00
  2.67  -1.01
  2.67  -1.01
  2.67  -1.03
  2.68  -1.03
  2.68  -1.04
  2.68  -1.01
  2.69  -1.01
  2.69  -1.02
  2.69  -1.02
  2.69  -1.02
  2.70  -1.04
  2.70  -1.04
  2.70  -1.05
  2.71  -1.06
  2.71  -1.06
  2.71  -1.06
  2.71  -1.04
  2.72  -1.04
  2.72  -1.03
  2.72  -1.01
  2.73  -1.01
  2.73  -1.00
  2.73  -1.03
  2.73  -1.02
  2.74  -1.03
  2.74  -1.03
  2.74  -1.02
  2.74  -0.98
  2.75  -0.91
  2.75  -0.83
  2.75  -0.71
  2.76  -0.60
  2.76  -0.46
  2.76  -0.34
  2.76  -0.21
  2.77  -0.17
  2.77  -0.20
  2.77  -0.34
  2.77  -0.81
  2.78  -1.09
  2.78  -1.38
  2.78  -1.60
  2.79  -1.79
  2.79  -1.91
  2.79  -1.93
  2.79  -1.86
  2.80  -1.76
  2.80  -1.65
  2.80  -1.55
  2.81  -1.47
  2.81  -1.40
  2.81  -1.31
  2.81  -1.23
  2.82  -1.16
  2.82  -1.07
  2.82  -1.02
  2.83  -0.98
  2.83  -0.99
  2.83  -0.99
  2.83  -1.00
  2.84  -1.00
  2.84  -1.00
  2.84  -0.99
  2.84  -0.99
  2.85  -0.97
  2.85  -0.96
  2.85  -0.94
  2.86  -0.92
  2.86  -0.93
  2.86  -0.94
  2.86  -0.94
  2.87  -0.93
  2.87  -0.94
  2.87  -0.92
  2.88  -0.93
  2.88  -0.93
  2.88  -0.91
  2.88  -0.89
  2.89  -0.88
  2.89  -0.87
  2.89  -0.87
  2.89  -0.90
  2.90  -0.89
  2.90  -0.91
  2.90  -0.91
  2.91  -0.90
  2.91  -0.90
  2.91  -0.88
  2.91  -0.88
  2.92  -0.85
  2.92  -0.85
  2.92  -0.84
  2.92  -0.84
  2.93  -0.87
  2.93  -0.86
  2.93  -0.86
  2.94  -0.85
  2.94  -0.85
  2.94  -0.83
  2.94  -0.82
  2.95  -0.80
  2.95  -0.81
  2.95  -0.79
  2.96  -0.79
  2.96  -0.78
  2.96  -0.79
  2.96  -0.80
  2.97  -0.79
  2.97  -0.77
  2.97  -0.77
  2.98  -0.74
  2.98  -0.73
  2.98  -0.72
  2.98  -0.69
  2.99  -0.66
  2.99  -0.65
  2.99  -0.65
  2.99  -0.64
  3.00  -0.62
  3.00  -0.61
  3.00  -0.61
  3.01  -0.58
  3.01  -0.56
  3.01  -0.54
  3.01  -0.51
  3.02  -0.49
  3.02  -0.47
  3.02  -0.45
  3.02  -0.43
  3.03  -0.43
  3.03  -0.43
  3.03  -0.41
  3.04  -0.40
  3.04  -0.39
  3.04  -0.38
  3.04  -0.35
  3.05  -0.33
  3.05  -0.29
  3.05  -0.28
  3.06  -0.28
  3.06  -0.27
  3.06  -0.28
  3.06  -0.28
  3.07  -0.28
  3.07  -0.32
  3.07  -0.29
  3.08  -0.31
  3.08  -0.29
  3.08  -0.30
  3.08  -0.30
  3.09  -0.32
  3.09  -0.34
  3.09  -0.37
  3.09  -0.40
  3.10  -0.43
  3.10  -0.48
  3.10  -0.53
  3.11  -0.56
  3.11  -0.59
  3.11  -0.61
  3.11  -0.64
  3.12  -0.66
  3.12  -0.68
  3.12  -0.71
  3.12  -0.73
  3.13  -0.76
  3.13  -0.78
  3.13  -0.80
  3.14  -0.83
  3.14  -0.84
  3.14  -0.86
  3.14  -0.86
  3.15  -0.87
  3.15  -0.86
  3.15  -0.86
  3.16  -0.88
  3.16  -0.89
  3.16  -0.91
  3.16  -0.92
  3.17  -0.94
  3.17  -0.93
  3.17  -0.93
  3.17  -0.93
  3.18  -0.92
  3.18  -0.92
  3.18  -0.91
  3.19  -0.91
  3.19  -0.91
  3.19  -0.90
  3.19  -0.94
  3.20  -0.94
  3.20  -0.96
  3.20  -0.95
  3.21  -0.94
  3.21  -0.93
  3.21  -0.93
  3.21  -0.91
  3.22  -0.90
  3.22  -0.90
  3.22  -0.88
  3.23  -0.89
  3.23  -0.90
  3.23  -0.90
  3.23  -0.91
  3.24  -0.92
  3.24  -0.91
  3.24  -0.90
  3.24  -0.91
  3.25  -0.90
  3.25  -0.89
  3.25  -0.88
  3.26  -0.88
  3.26  -0.89
  3.26  -0.89
  3.26  -0.89
  3.27  -0.90
  3.27  -0.91
  3.27  -0.90
  3.27  -0.91
  3.28  -0.90
  3.28  -0.89
  3.28  -0.89
  3.29  -0.88
  3.29  -0.88
  3.29  -0.91
  3.29  -0.90
  3.30  -0.91
  3.30  -0.93
  3.30  -0.93
  3.31  -0.94
  3.31  -0.93
  3.31  -0.94
  3.31  -0.92
  3.32  -0.91
  3.32  -0.90
  3.32  -0.91
  3.33  -0.91
  3.33  -0.94
  3.33  -0.94
  3.33  -0.95
  3.34  -0.95
  3.34  -0.95
  3.34  -0.96
  3.34  -0.94
  3.35  -0.94
  3.35  -0.93
  3.35  -0.94
  3.36  -0.94
  3.36  -0.94
  3.36  -0.94
  3.36  -0.94
  3.37  -0.96
  3.37  -0.97
  3.37  -0.96
  3.38  -0.96
  3.38  -0.95
  3.38  -0.95
  3.38  -0.95
  3.39  -0.94
  3.39  -0.94
  3.39  -0.95
  3.39  -0.97
  3.40  -0.96
  3.40  -0.97
  3.40  -0.97
  3.41  -0.97
  3.41  -0.96
  3.41  -0.96
  3.41  -0.95
  3.42  -0.95
  3.42  -0.95
  3.42  -0.95
  3.42  -0.96
  3.43  -0.96
  3.43  -0.97
  3.43  -0.98
  3.44  -1.00
  3.44  -0.98
  3.44  -0.97
  3.44  -0.97
  3.45  -0.95
  3.45  -0.95
  3.45  -0.95
  3.46  -0.95
  3.46  -0.96
  3.46  -0.97
  3.46  -0.96
  3.47  -0.96
  3.47  -0.98
  3.47  -0.97
  3.48  -0.97
  3.48  -0.97
  3.48  -0.96
  3.48  -0.95
  3.49  -0.96
  3.49  -0.97
  3.49  -0.98
  3.49  -0.94
  3.50  -0.96
  3.50  -0.98
  3.50  -0.99
  3.51  -0.98
  3.51  -0.97
  3.51  -0.98
  3.51  -0.96
  3.52  -0.96
  3.52  -0.95
  3.52  -0.95
  3.52  -0.95
  3.53  -0.95
  3.53  -0.97
  3.53  -0.97
  3.54  -0.96
  3.54  -0.98
  3.54  -0.97
  3.54  -0.96
  3.55  -0.95
  3.55  -0.95
  3.55  -0.94
  3.56  -0.94
  3.56  -0.94
  3.56  -0.97
  3.56  -0.96
  3.57  -0.97
  3.57  -0.97
  3.57  -0.97
  3.58  -0.97
  3.58  -0.96
  3.58  -0.95
  3.58  -0.95
  3.59  -0.95
  3.59  -0.93
  3.59  -0.93
  3.59  -0.94
  3.60  -0.94
  3.60  -0.95
  3.60  -0.96
  3.61  -0.96
  3.61  -0.95
  3.61  -0.97
  3.61  -0.96
  3.62  -0.95
  3.62  -0.95
  3.62  -0.94
  3.62  -0.94
  3.63  -0.94
  3.63  -0.94
  3.63  -0.96
  3.64  -0.96
  3.64  -0.96
  3.64  -0.95
  3.64  -0.95
  3.65  -0.95
  3.65  -0.93
  3.65  -0.93
  3.66  -0.93
  3.66  -0.93
  3.66  -0.94
  3.66  -0.94
  3.67  -0.96
  3.67  -0.95
  3.67  -0.95
  3.67  -0.94
  3.68  -0.94
  3.68  -0.93
  3.68  -0.93
  3.69  -0.91
  3.69  -0.92
  3.69  -0.92
  3.69  -0.92
  3.70  -0.91
  3.70  -0.90
  3.70  -0.91
  3.71  -0.88
  3.71  -0.88
  3.71  -0.84
  3.71  -0.83
  3.72  -0.83
  3.72  -0.81
  3.72  -0.81
  3.73  -0.80
  3.73  -0.81
  3.73  -0.78
  3.73  -0.79
  3.74  -0.78
  3.74  -0.78
  3.74  -0.77
  3.74  -0.77
  3.75  -0.77
  3.75  -0.79
  3.75  -0.81
  3.76  -0.80
  3.76  -0.81
  3.76  -0.81
  3.76  -0.83
  3.77  -0.84
  3.77  -0.84
  3.77  -0.88
  3.77  -0.90
  3.78  -0.91
  3.78  -0.91
  3.78  -0.93
  3.79  -0.92
  3.79  -0.93
  3.79  -0.92
  3.79  -0.92
  3.80  -0.94
  3.80  -0.95
  3.80  -0.97
  3.81  -0.97
  3.81  -0.97
  3.81  -0.95
  3.81  -0.95
  3.82  -0.95
  3.82  -0.96
  3.82  -0.96
  3.83  -0.94
  3.83  -0.95
  3.83  -0.96
  3.83  -0.96
  3.84  -0.96
  3.84  -0.97
  3.84  -0.96
  3.84  -0.94
  3.85  -0.94
  3.85  -0.94
  3.85  -0.93
  3.86  -0.93
  3.86  -0.92
  3.86  -0.93
  3.86  -0.94
  3.87  -0.91
  3.87  -0.86
  3.87  -0.80
  3.88  -0.70
  3.88  -0.57
  3.88  -0.43
  3.88  -0.27
  3.89  -0.15
  3.89  -0.04
  3.89  -0.02
  3.89  -0.06
  3.90  -0.20
  3.90  -0.42
  3.90  -0.70
  3.91  -0.98
  3.91  -1.25
  3.91  -1.48
  3.91  -1.62
  3.92  -1.66
  3.92  -1.61
  3.92  -1.50
  3.92  -1.38
  3.93  -1.26
  3.93  -1.17
  3.93  -1.10
  3.94  -1.04
  3.94  -0.98
  3.94  -0.92
  3.94  -0.91
  3.95  -0.87
  3.95  -0.83
  3.95  -0.83
  3.96  -0.84
  3.96  -0.85
  3.96  -0.87
  3.96  -0.85
  3.97  -0.84
  3.97  -0.85
  3.97  -0.83
  3.98  -0.82
  3.98  -0.82
  3.98  -0.81
  3.98  -0.81
  3.99  -0.80
  3.99  -0.80
  3.99  -0.79
  3.99  -0.79
  4.00  -0.80
  4.00  -0.81
  4.00  -0.81
  4.01  -0.81
  4.01  -0.82
  4.01  -0.79
  4.01  -0.79
  4.02  -0.76
  4.02  -0.75
  4.02  -0.74
  4.03  -0.74
  4.03  -0.74
  4.03  -0.77
  4.03  -0.77
  4.04  -0.78
  4.04  -0.76
  4.04  -0.76
  4.04  -0.74
  4.05  -0.73
  4.05  -0.72
  4.05  -0.72
  4.06  -0.70
  4.06  -0.70
  4.06  -0.71
  4.06  -0.71
  4.07  -0.70
  4.07  -0.73
  4.07  -0.70
  4.08  -0.69
  4.08  -0.69
  4.08  -0.67
  4.08  -0.65
  4.09  -0.65
  4.09  -0.63
  4.09  -0.64
  4.09  -0.64
  4.10  -0.65
  4.10  -0.64
  4.10  -0.61
  4.11  -0.60
  4.11  -0.59
  4.11  -0.58
  4.11  -0.55
  4.12  -0.54
  4.12  -0.52
  4.12  -0.51
  4.12  -0.49
  4.13  -0.48
  4.13  -0.47
  4.13  -0.47
  4.14  -0.46
  4.14  -0.44
  4.14  -0.43
  4.14  -0.41
  4.15  -0.38
  4.15  -0.35
  4.15  -0.33
  4.16  -0.30
  4.16  -0.30
  4.16  -0.30
  4.16  -0.28
  4.17  -0.29
  4.17  -0.26
  4.17  -0.25
  4.17  -0.25
  4.18  -0.21
  4.18  -0.20
  4.18  -0.20
  4.19  -0.17
  4.19  -0.17
  4.19  -0.15
  4.19  -0.16
  4.20  -0.17
  4.20  -0.17
  4.20  -0.18
  4.21  -0.18
  4.21  -0.20
  4.21  -0.19
  4.21  -0.21
  4.22  -0.21
  4.22  -0.23
  4.22  -0.26
  4.22  -0.30
  4.23  -0.33
  4.23  -0.38
  4.23  -0.40
  4.24  -0.43
  4.24  -0.45
  4.24  -0.47
  4.24  -0.51
  4.25  -0.52
  4.25  -0.55
  4.25  -0.56
  4.26  -0.58
  4.26  -0.60
  4.26  -0.65
  4.26  -0.69
  4.27  -0.70
  4.27  -0.72
  4.27  -0.74
  4.28  -0.74
  4.28  -0.75
  4.28  -0.76
  4.28  -0.77
  4.29  -0.76
  4.29  -0.78
  4.29  -0.79
  4.29  -0.79
  4.30  -0.80
  4.30  -0.81
  4.30  -0.82
  4.31  -0.83
  4.31  -0.82
  4.31  -0.82
  4.31  -0.81
  4.32  -0.81
  4.32  -0.81
  4.32  -0.81
  4.33  -0.82
  4.33  -0.82
  4.33  -0.83
  4.33  -0.84
  4.34  -0.84
  4.34  -0.84
  4.34  -0.85
  4.34  -0.84
  4.35  -0.81
  4.35  -0.80
  4.35  -0.80
  4.36  -0.80
  4.36  -0.79
  4.36  -0.80
  4.36  -0.80
  4.37  -0.81
  4.37  -0.82
  4.37  -0.85
  4.38  -0.84
  4.38  -0.83
  4.38  -0.80
  4.38  -0.79
  4.39  -0.78
  4.39  -0.79
  4.39  -0.79
  4.39  -0.79
  4.40  -0.81
  4.40  -0.81
  4.40  -0.83
  4.41  -0.84
  4.41  -0.82
  4.41  -0.81
  4.41  -0.81
  4.42  -0.81
  4.42  -0.81
  4.42  -0.82
  4.42  -0.83
  4.43  -0.82
  4.43  -0.84
  4.43  -0.85
  4.44  -0.85
  4.44  -0.86
  4.44  -0.85
  4.44  -0.85
  4.45  -0.84
  4.45  -0.84
  4.45  -0.85
  4.46  -0.85
  4.46  -0.85
  4.46  -0.88
  4.46  -0.89
  4.47  -0.89
  4.47  -0.90
  4.47  -0.90
  4.47  -0.90
  4.48  -0.89
  4.48  -0.91
  4.48  -0.88
  4.49  -0.89
  4.49  -0.87
  4.49  -0.89
  4.49  -0.88
  4.50  -0.89
  4.50  -0.91
  4.50  -0.91
  4.51  -0.91
  4.51  -0.90
  4.51  -0.92
  4.51  -0.91
  4.52  -0.91
  4.52  -0.89
  4.52  -0.90
  4.53  -0.90
  4.53  -0.90
  4.53  -0.91
  4.53  -0.91
  4.54  -0.91
  4.54  -0.91
  4.54  -0.91
  4.54  -0.93
  4.55  -0.91
  4.55  -0.90
  4.55  -0.90
  4.56  -0.91
  4.56  -0.91
  4.56  -0.94
  4.56  -0.93
  4.57  -0.92
  4.57  -0.94
  4.57  -0.94
  4.58  -0.93
  4.58  -0.94
  4.58  -0.91
  4.58  -0.91
  4.59  -0.92
  4.59  -0.92
  4.59  -0.92
  4.59  -0.92
  4.60  -0.93
  4.60  -0.92
  4.60  -0.94
  4.61  -0.94
  4.61  -0.94
  4.61  -0.94
  4.61  -0.94
  4.62  -0.94
  4.62  -0.93
  4.62  -0.94
  4.62  -0.92
  4.63  -0.94
  4.63  -0.94
  4.63  -0.94
  4.64  -0.94
  4.64  -0.94
  4.64  -0.95
  4.64  -0.93
  4.65  -0.94
  4.65  -0.93
  4.65  -0.93
  4.66  -0.93
  4.66  -0.93
  4.66  -0.94
  4.66  -0.94
  4.67  -0.94
  4.67  -0.96
  4.67  -0.95
  4.67  -0.94
  4.68  -0.94
  4.68  -0.92
  4.68  -0.92
  4.69  -0.91
  4.69  -0.91
  4.69  -0.91
  4.69  -0.93
  4.70  -0.93
  4.70  -0.93
  4.70  -0.95
  4.71  -0.95
  4.71  -0.94
  4.71  -0.92
  4.71  -0.94
  4.72  -0.93
  4.72  -0.92
  4.72  -0.91
  4.72  -0.91
  4.73  -0.93
  4.73  -0.93
  4.73  -0.95
  4.74  -0.95
  4.74  -0.96
  4.74  -0.95
  4.74  -0.94
  4.75  -0.94
  4.75  -0.93
  4.75  -0.93
  4.76  -0.92
  4.76  -0.93
  4.76  -0.93
  4.76  -0.93
  4.77  -0.93
  4.77  -0.94
  4.77  -0.94
  4.78  -0.92
  4.78  -0.92
  4.78  -0.93
  4.78  -0.91
  4.79  -0.92
  4.79  -0.91
  4.79  -0.90
  4.79  -0.91
  4.80  -0.93
  4.80  -0.93
  4.80  -0.94
  4.81  -0.95
  4.81  -0.94
  4.81  -0.94
  4.81  -0.92
  4.82  -0.91
  4.82  -0.90
  4.82  -0.90
  4.83  -0.89
  4.83  -0.90
  4.83  -0.90
  4.83  -0.93
  4.84  -0.94
  4.84  -0.93
  4.84  -0.92
  4.84  -0.92
  4.85  -0.92
  4.85  -0.92
  4.85  -0.90
  4.86  -0.90
  4.86  -0.90
  4.86  -0.90
  4.86  -0.90
  4.87  -0.91
  4.87  -0.90
  4.87  -0.89
  4.88  -0.89
  4.88  -0.86
  4.88  -0.85
  4.88  -0.83
  4.89  -0.83
  4.89  -0.81
  4.89  -0.83
  4.89  -0.82
  4.90  -0.82
  4.90  -0.82
  4.90  -0.81
  4.91  -0.80
  4.91  -0.79
  4.91  -0.76
  4.91  -0.73
  4.92  -0.73
  4.92  -0.71
  4.92  -0.70
  4.92  -0.71
  4.93  -0.74
  4.93  -0.75
  4.93  -0.79
  4.94  -0.82
  4.94  -0.81
  4.94  -0.82
  4.94  -0.81
  4.95  -0.81
  4.95  -0.82
  4.95  -0.82
  4.96  -0.83
  4.96  -0.85
  4.96  -0.90
  4.96  -0.91
  4.97  -0.92
  4.97  -0.93
  4.97  -0.93
  4.97  -0.93
  4.98  -0.92
  4.98  -0.93
  4.98  -0.92
  4.99  -0.92
  4.99  -0.94
  4.99  -0.95
  4.99  -0.96
  5.00  -0.96
  5.00  -0.99
  5.00  -0.98
  5.01  -0.98
  5.01  -0.97
  5.01  -0.95
  5.01  -0.97
  5.02  -0.94
  5.02  -0.93
  5.02  -0.94
  5.03  -0.96
  5.03  -0.95
  5.03  -0.95
  5.03  -0.97
  5.04  -0.96
  5.04  -0.96
  5.04  -0.96
  5.04  -0.93
  5.05  -0.90
  5.05  -0.86
  5.05  -0.79
  5.06  -0.70
  5.06  -0.60
  5.06  -0.49
  5.06  -0.35
  5.07  -0.23
  5.07  -0.14
  5.07  -0.11
  5.08  -0.18
  5.08  -0.31
  5.08  -0.53
  5.08  -0.77
  5.09  -1.01
  5.09  -1.28
  5.09  -1.50
  5.09  -1.67
  5.10  -1.71
  5.10  -1.70
  5.10  -1.60
  5.11  -1.49
  5.11  -1.38
  5.11  -1.25
  5.11  -1.16
  5.12  -1.09
  5.12  -1.01
  5.12  -0.96
  5.12  -0.90
  5.13  -0.89
  5.13  -0.88
  5.13  -0.88
  5.14  -0.89
  5.14  -0.90
  5.14  -0.92
  5.14  -0.91
  5.15  -0.88
  5.15  -0.85
  5.15  -0.84
  5.16  -0.83
  5.16  -0.84
  5.16  -0.83
  5.16  -0.82
  5.17  -0.84
  5.17  -0.83
  5.17  -0.85
  5.17  -0.84
  5.18  -0.84
  5.18  -0.82
  5.18  -0.83
  5.19  -0.81
  5.19  -0.81
  5.19  -0.82
  5.19  -0.81
  5.20  -0.82
  5.20  -0.82
  5.20  -0.83
  5.21  -0.82
  5.21  -0.81
  5.21  -0.79
  5.21  -0.79
  5.22  -0.77
  5.22  -0.78
  5.22  -0.77
  5.22  -0.77
  5.23  -0.77
  5.23  -0.77
  5.23  -0.80
  5.24  -0.79
  5.24  -0.80
  5.24  -0.80
  5.24  -0.77
  5.25  -0.75
  5.25  -0.76
  5.25  -0.73
  5.26  -0.73
  5.26  -0.72
  5.26  -0.72
  5.26  -0.72
  5.27  -0.73
  5.27  -0.73
  5.27  -0.72
  5.28  -0.73
  5.28  -0.70
  5.28  -0.69
  5.28  -0.68
  5.29  -0.65
  5.29  -0.64
  5.29  -0.64
  5.29  -0.62
  5.30  -0.62
  5.30  -0.61
  5.30  -0.61
  5.31  -0.60
  5.31  -0.57
  5.31  -0.56
  5.31  -0.55
  5.32  -0.53
  5.32  -0.48
  5.32  -0.47
  5.33  -0.46
  5.33  -0.42
  5.33  -0.42
  5.33  -0.41
  5.34  -0.43
  5.34  -0.40
  5.34  -0.38
  5.34  -0.36
  5.35  -0.34
  5.35  -0.29
  5.35  -0.27
  5.36  -0.26
  5.36  -0.24
  5.36  -0.25
  5.36  -0.26
  5.37  -0.26
  5.37  -0.27
  5.37  -0.26
  5.38  -0.26
  5.38  -0.26
  5.38  -0.26
  5.38  -0.27
  5.39  -0.26
  5.39  -0.27
  5.39  -0.29
  5.39  -0.32
  5.40  -0.34
  5.40  -0.39
  5.40  -0.41
  5.41  -0.46
  5.41  -0.49
  5.41  -0.51
  5.41  -0.53
  5.42  -0.57
  5.42  -0.60
  5.42  -0.62
  5.42  -0.65
  5.43  -0.69
  5.43  -0.71
  5.43  -0.76
  5.44  -0.77
  5.44  -0.79
  5.44  -0.81
  5.44  -0.81
  5.45  -0.82
  5.45  -0.81
  5.45  -0.82
  5.46  -0.84
  5.46  -0.85
  5.46  -0.86
  5.46  -0.88
  5.47  -0.89
  5.47  -0.89
  5.47  -0.90
  5.47  -0.90
  5.48  -0.90
  5.48  -0.89
  5.48  -0.88
  5.49  -0.89
  5.49  -0.89
  5.49  -0.87
  5.49  -0.88
  5.50  -0.90
  5.50  -0.90
  5.50  -0.89
  5.51  -0.91
  5.51  -0.92
  5.51  -0.92
  5.51  -0.89
  5.52  -0.90
  5.52  -0.88
  5.52  -0.90
  5.53  -0.92
  5.53  -0.91
  5.53  -0.91
  5.53  -0.91
  5.54  -0.91
  5.54  -0.91
  5.54  -0.93
  5.54  -0.91
  5.55  -0.90
  5.55  -0.90
  5.55  -0.89
  5.56  -0.88
  5.56  -0.90
  5.56  -0.89
  5.56  -0.90
  5.57  -0.91
  5.57  -0.92
  5.57  -0.93
  5.58  -0.93
  5.58  -0.91
  5.58  -0.90
  5.58  -0.90
  5.59  -0.87
  5.59  -0.89
  5.59  -0.89
  5.59  -0.91
  5.60  -0.92
  5.60  -0.93
  5.60  -0.92
  5.61  -0.94
  5.61  -0.94
  5.61  -0.94
  5.61  -0.95
  5.62  -0.93
  5.62  -0.92
  5.62  -0.93
  5.62  -0.94
  5.63  -0.95
  5.63  -0.96
  5.63  -0.98
  5.64  -0.97
  5.64  -0.97
  5.64  -0.99
  5.64  -0.97
  5.65  -0.96
  5.65  -0.96
  5.65  -0.94
  5.66  -0.95
  5.66  -0.95
  5.66  -0.98
  5.66  -1.00
  5.67  -1.01
  5.67  -1.00
  5.67  -1.00
  5.67  -0.99
  5.68  -0.99
  5.68  -0.98
  5.68  -0.97
  5.69  -0.97
  5.69  -0.96
  5.69  -0.96
  5.69  -0.98
  5.70  -1.00
  5.70  -1.00
  5.70  -1.01
  5.71  -1.01
  5.71  -1.01
  5.71  -1.01
  5.71  -1.00
  5.72  -0.99
  5.72  -0.99
  5.72  -0.98
  5.72  -0.97
  5.73  -0.98
  5.73  -0.98
  5.73  -0.99
  5.74  -1.00
  5.74  -1.02
  5.74  -1.02
  5.74  -1.00
  5.75  -1.01
  5.75  -0.99
  5.75  -0.99
  5.76  -0.98
  5.76  -1.00
  5.76  -1.00
  5.76  -1.01
  5.77  -1.03
  5.77  -1.02
  5.77  -1.02
  5.78  -1.02
  5.78  -1.01
  5.78  -1.01
  5.78  -0.99
  5.79  -1.00
  5.79  -1.02
  5.79  -1.02
  5.79  -1.03
  5.80  -1.02
  5.80  -1.03
  5.80  -1.05
  5.81  -1.05
  5.81  -1.05
  5.81  -1.03
  5.81  -1.01
  5.82  -1.00
  5.82  -1.00
  5.82  -1.01
  5.83  -1.00
  5.83  -1.00
  5.83  -1.03
  5.83  -1.02
  5.84  -1.03
  5.84  -1.03
  5.84  -1.03
  5.84  -1.02
  5.85  -1.02
  5.85  -1.01
  5.85  -1.02
  5.86  -1.02
  5.86  -1.01
  5.86  -1.01
  5.86  -1.03
  5.87  -1.04
  5.87  -1.04
  5.87  -1.03
  5.88  -1.04
  5.88  -1.04
  5.88  -1.03
  5.88  -1.02
  5.89  -1.01
  5.89  -0.99
  5.89  -1.00
  5.89  -1.00
  5.90  -1.03
  5.90  -1.06
  5.90  -1.04
  5.91  -1.04
  5.91  -1.04
  5.91  -1.02
  5.91  -1.03
  5.92  -1.01
  5.92  -1.00
  5.92  -1.00
  5.92  -1.01
  5.93  -1.00
  5.93  -1.02
  5.93  -1.02
  5.94  -1.01
  5.94  -1.03
  5.94  -1.02
  5.94  -1.02
  5.95  -1.02
  5.95  -1.02
  5.95  -1.00
  5.96  -1.01
  5.96  -1.01
  5.96  -0.99
  5.96  -1.00
  5.97  -1.01
  5.97  -1.01
  5.97  -1.02
  5.97  -1.03
  5.98  -1.01
  5.98  -1.02
  5.98  -1.00
  5.99  -0.99
  5.99  -0.99
  5.99  -0.98
  5.99  -1.01
  6.00  -1.00
  6.00  -1.00
  6.00  -1.02
  6.01  -1.03
  6.01  -1.01
  6.01  -1.00
  6.01  -0.99
  6.02  -0.97
  6.02  -0.97
  6.02  -0.96
  6.03  -0.97
  6.03  -0.94
  6.03  -0.93
  6.03  -0.93
  6.04  -0.93
  6.04  -0.94
  6.04  -0.94
  6.04  -0.94
  6.05  -0.92
  6.05  -0.90
  6.05  -0.87
  6.06  -0.86
  6.06  -0.83
  6.06  -0.84
  6.06  -0.84
  6.07  -0.84
  6.07  -0.84
  6.07  -0.85
  6.08  -0.86
  6.08  -0.87
  6.08  -0.86
  6.08  -0.86
  6.09  -0.86
  6.09  -0.88
  6.09  -0.88
  6.09  -0.90
  6.10  -0.93
  6.10  -0.96
  6.10  -1.00
  6.11  -1.01
  6.11  -1.01
  6.11  -1.04
  6.11  -1.02
  6.12  -1.01
  6.12  -1.01
  6.12  -1.00
  6.12  -1.01
  6.13  -1.01
  6.13  -1.03
  6.13  -1.04
  6.14  -1.04
  6.14  -1.06
  6.14  -1.06
  6.14  -1.06
  6.15  -1.06
  6.15  -1.04
  6.15  -1.03
  6.16  -1.03
  6.16  -1.01
  6.16  -1.02
  6.16  -1.03
  6.17  -1.03
  6.17  -1.03
  6.17  -1.04
  6.17  -1.04
  6.18  -1.03
  6.18  -1.02
  6.18  -1.01
  6.19  -1.00
  6.19  -0.98
  6.19  -0.99
  6.19  -0.97
  6.20  -0.96
  6.20  -0.89
  6.20  -0.80
  6.21  -0.71
  6.21  -0.60
  6.21  -0.45
  6.21  -0.30
  6.22  -0.18
  6.22  -0.13
  6.22  -0.20
  6.22  -0.36
  6.23  -0.60
  6.23  -0.89
  6.23  -1.19
  6.24  -1.46
  6.24  -1.70
  6.24  -1.86
  6.24  -1.92
  6.25  -1.88
  6.25  -1.76
  6.25  -1.62
  6.26  -1.50
  6.26  -1.42
  6.26  -1.34
  6.26  -1.29
  6.27  -1.23
  6.27  -1.17
  6.27  -1.09
  6.28  -1.04
  6.28  -0.99
  6.28  -0.96
  6.28  -0.94
  6.29  -0.94
  6.29  -0.94
  6.29  -0.94
  6.29  -0.94
  6.30  -0.94
  6.30  -0.94
  6.30  -0.93
  6.31  -0.94
  6.31  -0.93
  6.31  -0.91
  6.31  -0.89
  6.32  -0.89
  6.32  -0.87
  6.32  -0.89
  6.33  -0.88
  6.33  -0.88
  6.33  -0.88
  6.33  -0.89
  6.34  -0.88
  6.34  -0.89
  6.34  -0.88
  6.34  -0.87
  6.35  -0.85
  6.35  -0.84
  6.35  -0.82
  6.36  -0.82
  6.36  -0.81
  6.36  -0.83
  6.36  -0.83
  6.37  -0.86
  6.37  -0.86
  6.37  -0.84
  6.38  -0.84
  6.38  -0.83
  6.38  -0.81
  6.38  -0.80
  6.39  -0.81
  6.39  -0.80
  6.39  -0.79
  6.39  -0.78
  6.40  -0.78
  6.40  -0.78
  6.40  -0.78
  6.41  -0.79
  6.41  -0.77
  6.41  -0.74
  6.41  -0.74
  6.42  -0.71
  6.42  -0.70
  6.42  -0.70
  6.42  -0.70
  6.43  -0.69
  6.43  -0.69
  6.43  -0.69
  6.44  -0.67
  6.44  -0.65
  6.44  -0.65
  6.44  -0.62
  6.45  -0.60
  6.45  -0.58
  6.45  -0.56
  6.46  -0.54
  6.46  -0.52
  6.46  -0.49
  6.46  -0.48
  6.47  -0.49
  6.47  -0.47
  6.47  -0.48
  6.47  -0.46
  6.48  -0.42
  6.48  -0.40
  6.48  -0.39
  6.49  -0.36
  6.49  -0.38
  6.49  -0.35
  6.49  -0.36
  6.50  -0.34
  6.50  -0.33
  6.50  -0.32
  6.51  -0.30
  6.51  -0.31
  6.51  -0.29
  6.51  -0.29
  6.52  -0.29
  6.52  -0.28
  6.52  -0.28
  6.53  -0.30
  6.53  -0.30
  6.53  -0.32
  6.53  -0.30
  6.54  -0.34
  6.54  -0.34
  6.54  -0.35
  6.54  -0.36
  6.55  -0.37
  6.55  -0.38
  6.55  -0.39
  6.56  -0.41
  6.56  -0.46
  6.56  -0.50
  6.56  -0.55
  6.57  -0.56
  6.57  -0.59
  6.57  -0.62
  6.58  -0.66
  6.58  -0.68
  6.58  -0.69
  6.58  -0.70
  6.59  -0.72
  6.59  -0.76
  6.59  -0.78
  6.59  -0.80
  6.60  -0.82
  6.60  -0.83
  6.60  -0.84
  6.61  -0.86
  6.61  -0.86
  6.61  -0.86
  6.61  -0.88
  6.62  -0.88
  6.62  -0.86
  6.62  -0.88
  6.62  -0.90
  6.63  -0.91
  6.63  -0.92
  6.63  -0.91
  6.64  -0.92
  6.64  -0.92
  6.64  -0.92
  6.64  -0.90
  6.65  -0.90
  6.65  -0.90
  6.65  -0.89
  6.66  -0.90
  6.66  -0.90
  6.66  -0.90
  6.66  -0.90
  6.67  -0.91
  6.67  -0.92
  6.67  -0.93
  6.67  -0.91
  6.68  -0.92
  6.68  -0.90
  6.68  -0.89
  6.69  -0.86
  6.69  -0.88
  6.69  -0.88
  6.69  -0.89
  6.70  -0.90
  6.70  -0.90
  6.70  -0.90
  6.71  -0.91
  6.71  -0.93
  6.71  -0.89
  6.71  -0.90
  6.72  -0.88
  6.72  -0.89
  6.72  -0.89
  6.72  -0.90
  6.73  -0.89
  6.73  -0.90
  6.73  -0.91
  6.74  -0.92
  6.74  -0.93
  6.74  -0.91
  6.74  -0.92
  6.75  -0.90
  6.75  -0.90
  6.75  -0.89
  6.76  -0.89
  6.76  -0.90
  6.76  -0.90
  6.76  -0.93
  6.77  -0.94
  6.77  -0.94
  6.77  -0.95
  6.78  -0.96
  6.78  -0.96
  6.78  -0.95
  6.78  -0.94
  6.79  -0.91
  6.79  -0.92
  6.79  -0.92
  6.79  -0.93
  6.80  -0.95
  6.80  -0.95
  6.80  -0.96
  6.81  -0.98
  6.81  -0.96
  6.81  -0.96
  6.81  -0.96
  6.82  -0.94
  6.82  -0.94
  6.82  -0.94
  6.83  -0.94
  6.83  -0.95
  6.83  -0.97
  6.83  -0.97
  6.84  -0.98
  6.84  -0.99
  6.84  -0.98
  6.84  -0.97
  6.85  -0.97
  6.85  -0.96
  6.85  -0.95
  6.86  -0.95
  6.86  -0.95
  6.86  -0.97
  6.86  -0.99
  6.87  -0.99
  6.87  -0.99
  6.87  -0.99
  6.88  -0.99
  6.88  -0.99
  6.88  -0.98
  6.88  -0.98
  6.89  -0.98
  6.89  -0.97
  6.89  -0.96
  6.89  -0.97
  6.90  -0.98
  6.90  -0.99
  6.90  -0.98
  6.91  -0.98
  6.91  -1.00
  6.91  -1.01
  6.91  -0.98
  6.92  -0.97
  6.92  -0.97
  6.92  -0.97
  6.92  -0.98
  6.93  -0.99
  6.93  -0.99
  6.93  -1.00
  6.94  -0.99
  6.94  -1.00
  6.94  -1.01
  6.94  -0.98
  6.95  -0.98
  6.95  -0.98
  6.95  -0.96
  6.96  -0.96
  6.96  -0.97
  6.96  -0.98
  6.96  -0.98
  6.97  -0.98
  6.97  -0.98
  6.97  -1.00
  6.97  -0.99
  6.98  -0.99
  6.98  -0.98
  6.98  -0.96
  6.99  -0.94
  6.99  -0.95
  6.99  -0.97
  6.99  -0.98
  7.00  -0.97
  7.00  -0.98
  7.00  -0.99
  7.01  -1.00
  7.01  -1.01
  7.01  -1.00
  7.01  -0.99
  7.02  -0.98
  7.02  -0.97
  7.02  -0.97
  7.03  -0.99
  7.03  -0.98
  7.03  -0.98
  7.03  -0.99
  7.04  -0.99
  7.04  -0.99
  7.04  -0.99
  7.04  -0.98
  7.05  -0.98
  7.05  -0.97
  7.05  -0.96
  7.06  -0.97
  7.06  -0.98
  7.06  -0.98
  7.06  -0.99
  7.07  -1.00
  7.07  -1.00
  7.07  -0.99
  7.08  -0.99
  7.08  -0.98
  7.08  -0.96
  7.08  -0.96
  7.09  -0.94
  7.09  -0.94
  7.09  -0.95
  7.09  -0.96
  7.10  -0.96
  7.10  -0.98
  7.10  -0.97
  7.11  -0.99
  7.11  -0.98
  7.11  -0.98
  7.11  -0.98
  7.12  -0.97
  7.12  -0.98
  7.12  -0.96
  7.12  -0.96
  7.13  -0.95
  7.13  -0.97
  7.13  -0.97
  7.14  -0.98
  7.14  -0.97
  7.14  -0.98
  7.14  -0.97
  7.15  -0.96
  7.15  -0.95
  7.15  -0.95
  7.16  -0.95
  7.16  -0.95
  7.16  -0.96
  7.16  -0.96
  7.17  -0.96
  7.17  -0.97
  7.17  -1.00
  7.17  -0.98
  7.18  -0.96
  7.18  -0.95
  7.18  -0.94
  7.19  -0.94
  7.19  -0.94
  7.19  -0.93
  7.19  -0.94
  7.20  -0.96
  7.20  -0.96
  7.20  -0.96
  7.21  -0.97
  7.21  -0.95
  7.21  -0.95
  7.21  -0.94
  7.22  -0.92
  7.22  -0.90
  7.22  -0.89
  7.22  -0.87
  7.23  -0.86
  7.23  -0.86
  7.23  -0.85
  7.24  -0.86
  7.24  -0.86
  7.24  -0.87
  7.24  -0.85
  7.25  -0.84
  7.25  -0.80
  7.25  -0.78
  7.26  -0.77
  7.26  -0.78
  7.26  -0.79
  7.26  -0.78
  7.27  -0.80
  7.27  -0.80
  7.27  -0.82
  7.28  -0.84
  7.28  -0.83
  7.28  -0.82
  7.28  -0.84
  7.29  -0.83
  7.29  -0.85
  7.29  -0.85
  7.29  -0.86
  7.30  -0.89
  7.30  -0.92
  7.30  -0.94
  7.31  -0.96
  7.31  -0.96
  7.31  -0.97
  7.31  -0.97
  7.32  -0.97
  7.32  -0.95
  7.32  -0.96
  7.33  -0.94
  7.33  -0.95
  7.33  -0.96
  7.33  -0.99
  7.34  -1.01
  7.34  -1.00
  7.34  -1.01
  7.34  -1.01
  7.35  -1.01
  7.35  -0.99
  7.35  -0.98
  7.36  -0.99
  7.36  -0.96
  7.36  -0.96
  7.36  -0.97
  7.37  -0.98
  7.37  -0.98
  7.37  -0.97
  7.38  -0.96
  7.38  -0.95
  7.38  -0.95
  7.38  -0.95
  7.39  -0.93
  7.39  -0.89
  7.39  -0.87
  7.39  -0.81
  7.40  -0.72
  7.40  -0.59
  7.40  -0.47
  7.41  -0.32
  7.41  -0.17
  7.41  -0.09
  7.41  -0.09
  7.42  -0.20
  7.42  -0.40
  7.42  -0.65
  7.42  -0.93
  7.43  -1.20
  7.43  -1.46
  7.43  -1.65
  7.44  -1.72
  7.44  -1.70
  7.44  -1.60
  7.44  -1.48
  7.45  -1.34
  7.45  -1.24
  7.45  -1.15
  7.46  -1.07
  7.46  -1.01
  7.46  -0.95
  7.46  -0.93
  7.47  -0.91
  7.47  -0.90
  7.47  -0.92
  7.47  -0.92
  7.48  -0.91
  7.48  -0.91
  7.48  -0.91
  7.49  -0.89
  7.49  -0.88
  7.49  -0.86
  7.49  -0.87
  7.50  -0.86
  7.50  -0.88
  7.50  -0.89
  7.51  -0.88
  7.51  -0.88
  7.51  -0.86
  7.51  -0.85
  7.52  -0.85
  7.52  -0.82
  7.52  -0.83
  7.53  -0.84
  7.53  -0.85
  7.53  -0.83
  7.53  -0.84
  7.54  -0.84
  7.54  -0.84
  7.54  -0.85
  7.54  -0.83
  7.55  -0.82
  7.55  -0.81
  7.55  -0.81
  7.56  -0.81
  7.56  -0.80
  7.56  -0.81
  7.56  -0.80
  7.57  -0.79
  7.57  -0.80
  7.57  -0.79
  7.58  -0.80
  7.58  -0.78
  7.58  -0.77
  7.58  -0.76
  7.59  -0.74
  7.59  -0.74
  7.59  -0.74
  7.59  -0.76
  7.60  -0.74
  7.60  -0.73
  7.60  -0.73
  7.61  -0.73
  7.61  -0.72
  7.61  -0.69
  7.61  -0.69
  7.62  -0.68
  7.62  -0.66
  7.62  -0.64
  7.62  -0.62
  7.63  -0.61
  7.63  -0.61
  7.63  -0.61
  7.64  -0.59
  7.64  -0.58
  7.64  -0.58
  7.64  -0.55
  7.65  -0.51
  7.65  -0.48
  7.65  -0.47
  7.66  -0.47
  7.66  -0.46
  7.66  -0.45
  7.66  -0.41
  7.67  -0.41
  7.67  -0.40
  7.67  -0.39
  7.67  -0.36
  7.68  -0.35
  7.68  -0.32
  7.68  -0.30
  7.69  -0.27
  7.69  -0.26
  7.69  -0.24
  7.69  -0.23
  7.70  -0.23
  7.70  -0.24
  7.70  -0.23
  7.71  -0.23
  7.71  -0.23
  7.71  -0.22
  7.71  -0.20
  7.72  -0.21
  7.72  -0.20
  7.72  -0.21
  7.72  -0.22
  7.73  -0.23
  7.73  -0.26
  7.73  -0.30
  7.74  -0.32
  7.74  -0.36
  7.74  -0.39
  7.74  -0.41
  7.75  -0.45
  7.75  -0.46
  7.75  -0.47
  7.76  -0.50
  7.76  -0.55
  7.76  -0.57
  7.76  -0.62
  7.77  -0.68
  7.77  -0.68
  7.77  -0.71
  7.78  -0.75
  7.78  -0.76
  7.78  -0.77
  7.78  -0.78
  7.79  -0.79
  7.79  -0.80
  7.79  -0.81
  7.79  -0.84
  7.80  -0.83
  7.80  -0.86
  7.80  -0.89
  7.81  -0.91
  7.81  -0.90
  7.81  -0.89
  7.81  -0.89
  7.82  -0.89
  7.82  -0.87
  7.82  -0.89
  7.83  -0.89
  7.83  -0.89
  7.83  -0.90
  7.83  -0.91
  7.84  -0.93
  7.84  -0.90
  7.84  -0.91
  7.84  -0.90
  7.85  -0.90
  7.85  -0.89
  7.85  -0.88
  7.86  -0.88
  7.86  -0.90
  7.86  -0.90
  7.86  -0.90
  7.87  -0.91
  7.87  -0.91
  7.87  -0.92
  7.88  -0.92
  7.88  -0.90
  7.88  -0.90
  7.88  -0.89
  7.89  -0.86
  7.89  -0.88
  7.89  -0.86
  7.89  -0.86
  7.90  -0.88
  7.90  -0.88
  7.90  -0.90
  7.91  -0.90
  7.91  -0.89
  7.91  -0.89
  7.91  -0.87
  7.92  -0.87
  7.92  -0.85
  7.92  -0.86
  7.92  -0.88
  7.93  -0.88
  7.93  -0.88
  7.93  -0.91
  7.94  -0.89
  7.94  -0.91
  7.94  -0.91
  7.94  -0.91
  7.95  -0.89
  7.95  -0.89
  7.95  -0.89
  7.96  -0.89
  7.96  -0.89
  7.96  -0.90
  7.96  -0.90
  7.97  -0.93
  7.97  -0.94
  7.97  -0.95
  7.97  -0.95
  7.98  -0.94
  7.98  -0.94
  7.98  -0.93
  7.99  -0.91
  7.99  -0.91
  7.99  -0.94
  7.99  -0.94
  8.00  -0.94
  8.00  -0.96
  8.00  -0.96
  8.01  -0.96
  8.01  -0.96
  8.01  -0.95
  8.01  -0.95
  8.02  -0.95
  8.02  -0.94
  8.02  -0.93
  8.03  -0.94
  8.03  -0.94
  8.03  -0.96
  8.03  -0.95
  8.04  -0.96
  8.04  -0.96
  8.04  -0.96
  8.04  -0.97
  8.05  -0.95
  8.05  -0.96
  8.05  -0.94
  8.06  -0.94
  8.06  -0.93
  8.06  -0.94
  8.06  -0.95
  8.07  -0.97
  8.07  -0.97
  8.07  -0.98
  8.07  -0.97
  8.08  -0.96
  8.08  -0.95
  8.08  -0.94
  8.09  -0.93
  8.09  -0.93
  8.09  -0.93
  8.09  -0.94
  8.10  -0.95
  8.10  -0.94
  8.10  -0.95
  8.11  -0.96
  8.11  -0.96
  8.11  -0.95
  8.11  -0.95
  8.12  -0.95
  8.12  -0.94
  8.12  -0.94
  8.12  -0.95
  8.13  -0.94
  8.13  -0.95
  8.13  -0.95
  8.14  -0.95
  8.14  -0.96
  8.14  -0.96
  8.14  -0.96
  8.15  -0.96
  8.15  -0.95
  8.15  -0.94
  8.16  -0.94
  8.16  -0.94
  8.16  -0.94
  8.16  -0.95
  8.17  -0.96
  8.17  -0.97
  8.17  -0.97
  8.18  -0.95
  8.18  -0.95
  8.18  -0.95
  8.18  -0.94
  8.19  -0.94
  8.19  -0.94
  8.19  -0.94
  8.19  -0.94
  8.20  -0.94
  8.20  -0.97
  8.20  -0.96
  8.21  -0.96
  8.21  -0.96
  8.21  -0.96
  8.21  -0.96
  8.22  -0.94
  8.22  -0.94
  8.22  -0.94
  8.22  -0.93
  8.23  -0.93
  8.23  -0.94
  8.23  -0.94
  8.24  -0.96
  8.24  -0.97
  8.24  -0.97
  8.24  -0.94
  8.25  -0.94
  8.25  -0.94
  8.25  -0.92
  8.26  -0.92
  8.26  -0.92
  8.26  -0.93
  8.26  -0.94
  8.27  -0.95
  8.27  -0.93
  8.27  -0.94
  8.28  -0.95
  8.28  -0.94
  8.28  -0.94
  8.28  -0.92
  8.29  -0.91
  8.29  -0.93
  8.29  -0.94
  8.29  -0.93
  8.30  -0.93
  8.30  -0.94
  8.30  -0.94
  8.31  -0.96
  8.31  -0.96
  8.31  -0.95
  8.31  -0.93
  8.32  -0.93
  8.32  -0.92
  8.32  -0.92
  8.32  -0.93
  8.33  -0.93
  8.33  -0.94
  8.33  -0.94
  8.34  -0.94
  8.34  -0.95
  8.34  -0.95
  8.34  -0.94
  8.35  -0.94
  8.35  -0.91
  8.35  -0.91
  8.36  -0.92
  8.36  -0.92
  8.36  -0.92
  8.36  -0.93
  8.37  -0.93
  8.37  -0.94
  8.37  -0.94
  8.38  -0.94
  8.38  -0.94
  8.38  -0.93
  8.38  -0.92
  8.39  -0.91
  8.39  -0.91
  8.39  -0.93
  8.39  -0.91
  8.40  -0.92
  8.40  -0.94
  8.40  -0.93
  8.41  -0.91
  8.41  -0.91
  8.41  -0.88
  8.41  -0.86
  8.42  -0.83
  8.42  -0.82
  8.42  -0.82
  8.43  -0.81
  8.43  -0.82
  8.43  -0.82
  8.43  -0.81
  8.44  -0.81
  8.44  -0.79
  8.44  -0.77
  8.44  -0.76
  8.45  -0.76
  8.45  -0.76
  8.45  -0.76
  8.46  -0.74
  8.46  -0.76
  8.46  -0.77
  8.46  -0.79
  8.47  -0.81
  8.47  -0.83
  8.47  -0.84
  8.47  -0.84
  8.48  -0.85
  8.48  -0.86
  8.48  -0.87
  8.49  -0.90
  8.49  -0.90
  8.49  -0.90
  8.49  -0.92
  8.50  -0.93
  8.50  -0.94
  8.50  -0.96
  8.51  -0.96
  8.51  -0.95
  8.51  -0.95
  8.51  -0.95
  8.52  -0.94
  8.52  -0.96
  8.52  -0.97
  8.53  -0.97
  8.53  -0.95
  8.53  -0.97
  8.53  -0.97
  8.54  -0.98
  8.54  -0.98
  8.54  -0.99
  8.54  -0.97
  8.55  -0.96
  8.55  -0.96
  8.55  -0.94
  8.56  -0.93
  8.56  -0.92
  8.56  -0.93
  8.56  -0.93
  8.57  -0.94
  8.57  -0.95
  8.57  -0.94
  8.57  -0.93
  8.58  -0.89
  8.58  -0.81
  8.58  -0.73
  8.59  -0.63
  8.59  -0.50
  8.59  -0.35
  8.59  -0.23
  8.60  -0.13
  8.60  -0.12
  8.60  -0.20
  8.61  -0.39
  8.61  -0.64
  8.61  -0.93
  8.61  -1.21
  8.62  -1.48
  8.62  -1.67
  8.62  -1.76
  8.62  -1.75
  8.63  -1.67
  8.63  -1.54
  8.63  -1.43
  8.64  -1.32
  8.64  -1.23
  8.64  -1.13
  8.64  -1.06
  8.65  -0.98
  8.65  -0.94
  8.65  -0.91
  8.66  -0.90
  8.66  -0.90
  8.66  -0.91
  8.66  -0.92
  8.67  -0.92
  8.67  -0.93
  8.67  -0.91
  8.68  -0.91
  8.68  -0.88
  8.68  -0.86
  8.68  -0.85
  8.69  -0.83
  8.69  -0.82
  8.69  -0.84
  8.69  -0.83
  8.70  -0.84
  8.70  -0.83
  8.70  -0.84
  8.71  -0.83
  8.71  -0.84
  8.71  -0.83
  8.71  -0.82
  8.72  -0.82
  8.72  -0.82
  8.72  -0.80
  8.72  -0.80
  8.73  -0.80
  8.73  -0.79
  8.73  -0.81
  8.74  -0.80
  8.74  -0.81
  8.74  -0.80
  8.74  -0.80
  8.75  -0.80
  8.75  -0.78
  8.75  -0.77
  8.76  -0.77
  8.76  -0.77
  8.76  -0.77
  8.76  -0.78
  8.77  -0.78
  8.77  -0.77
  8.77  -0.78
  8.78  -0.77
  8.78  -0.76
  8.78  -0.73
  8.78  -0.71
  8.79  -0.71
  8.79  -0.68
  8.79  -0.68
  8.79  -0.68
  8.80  -0.68
  8.80  -0.68
  8.80  -0.67
  8.81  -0.67
  8.81  -0.65
  8.81  -0.63
  8.81  -0.61
  8.82  -0.57
  8.82  -0.56
  8.82  -0.56
  8.82  -0.53
  8.83  -0.51
  8.83  -0.51
  8.83  -0.50
  8.84  -0.49
  8.84  -0.47
  8.84  -0.45
  8.84  -0.43
  8.85  -0.40
  8.85  -0.38
  8.85  -0.35
  8.86  -0.34
  8.86  -0.32
  8.86  -0.31
  8.86  -0.29
  8.87  -0.29
  8.87  -0.29
  8.87  -0.28
  8.88  -0.28
  8.88  -0.23
  8.88  -0.23
  8.88  -0.22
  8.89  -0.20
  8.89  -0.18
  8.89  -0.17
  8.89  -0.18
  8.90  -0.18
  8.90  -0.20
  8.90  -0.20
  8.91  -0.23
  8.91  -0.24
  8.91  -0.23
  8.91  -0.26
  8.92  -0.27
  8.92  -0.28
  8.92  -0.30
  8.93  -0.32
  8.93  -0.36
  8.93  -0.39
  8.93  -0.42
  8.94  -0.46
  8.94  -0.51
  8.94  -0.52
  8.94  -0.56
  8.95  -0.60
  8.95  -0.62
  8.95  -0.64
  8.96  -0.67
  8.96  -0.68
  8.96  -0.71
  8.96  -0.73
  8.97  -0.75
  8.97  -0.77
  8.97  -0.82
  8.97  -0.81
  8.98  -0.81
  8.98  -0.82
  8.98  -0.83
  8.99  -0.82
  8.99  -0.82
  8.99  -0.83
  8.99  -0.85
  9.00  -0.87
  9.00  -0.86
  9.00  -0.87
  9.01  -0.89
  9.01  -0.89
  9.01  -0.89
  9.01  -0.89
  9.02  -0.89
  9.02  -0.88
  9.02  -0.86
  9.03  -0.87
  9.03  -0.86
  9.03  -0.88
  9.03  -0.89
  9.04  -0.89
  9.04  -0.89
  9.04  -0.89
  9.04  -0.89
  9.05  -0.88
  9.05  -0.87
  9.05  -0.85
  9.06  -0.85
  9.06  -0.86
  9.06  -0.87
  9.06  -0.87
  9.07  -0.86
  9.07  -0.88
  9.07  -0.88
  9.07  -0.86
  9.08  -0.86
  9.08  -0.84
  9.08  -0.85
  9.09  -0.83
  9.09  -0.84
  9.09  -0.84
  9.09  -0.85
  9.10  -0.87
  9.10  -0.87
  9.10  -0.88
  9.11  -0.88
  9.11  -0.88
  9.11  -0.86
  9.11  -0.86
  9.12  -0.85
  9.12  -0.84
  9.12  -0.85
  9.12  -0.84
  9.13  -0.86
  9.13  -0.87
  9.13  -0.89
  9.14  -0.90
  9.14  -0.92
  9.14  -0.90
  9.14  -0.90
  9.15  -0.91
  9.15  -0.91
  9.15  -0.89
  9.16  -0.90
  9.16  -0.92
  9.16  -0.90
  9.16  -0.90
  9.17  -0.92
  9.17  -0.94
  9.17  -0.93
  9.18  -0.94
  9.18  -0.94
  9.18  -0.92
  9.18  -0.92
  9.19  -0.92
  9.19  -0.91
  9.19  -0.92
  9.19  -0.91
  9.20  -0.93
  9.20  -0.94
  9.20  -0.96
  9.21  -0.95
  9.21  -0.94
  9.21  -0.93
  9.21  -0.93
  9.22  -0.92
  9.22  -0.91
  9.22  -0.90
  9.22  -0.90
  9.23  -0.91
  9.23  -0.92
  9.23  -0.94
  9.24  -0.98
  9.24  -0.95
  9.24  -0.98
  9.24  -0.96
  9.25  -0.96
  9.25  -0.96
  9.25  -0.94
  9.26  -0.94
  9.26  -0.94
  9.26  -0.93
  9.26  -0.94
  9.27  -0.96
  9.27  -0.97
  9.27  -0.95
  9.28  -0.97
  9.28  -0.95
  9.28  -0.94
  9.28  -0.93
  9.29  -0.93
  9.29  -0.92
  9.29  -0.94
  9.29  -0.94
  9.30  -0.95
  9.30  -0.95
  9.30  -0.95
  9.31  -0.96
  9.31  -0.96
  9.31  -0.95
  9.31  -0.94
  9.32  -0.93
  9.32  -0.93
  9.32  -0.93
  9.32  -0.94
  9.33  -0.96
  9.33  -0.96
  9.33  -0.95
  9.34  -0.97
  9.34  -0.97
  9.34  -0.96
  9.34  -0.96
  9.35  -0.96
  9.35  -0.96
  9.35  -0.94
  9.36  -0.94
  9.36  -0.94
  9.36  -0.94
  9.36  -0.94
  9.37  -0.95
  9.37  -0.96
  9.37  -0.97
  9.38  -0.96
  9.38  -0.95
  9.38  -0.95
  9.38  -0.94
  9.39  -0.93
  9.39  -0.94
  9.39  -0.94
  9.39  -0.94
  9.40  -0.96
  9.40  -0.94
  9.40  -0.96
  9.41  -0.97
  9.41  -0.95
  9.41  -0.95
  9.41  -0.95
  9.42  -0.94
  9.42  -0.91
  9.42  -0.91
  9.43  -0.92
  9.43  -0.93
  9.43  -0.93
  9.43  -0.94
  9.44  -0.98
  9.44  -0.96
  9.44  -0.95
  9.44  -0.96
  9.45  -0.95
  9.45  -0.95
  9.45  -0.96
  9.46  -0.94
  9.46  -0.94
  9.46  -0.94
  9.46  -0.94
  9.47  -0.94
  9.47  -0.96
  9.47  -0.96
  9.47  -0.96
  9.48  -0.96
  9.48  -0.94
  9.48  -0.94
  9.49  -0.93
  9.49  -0.92
  9.49  -0.92
  9.49  -0.93
  9.50  -0.93
  9.50  -0.94
  9.50  -0.94
  9.51  -0.95
  9.51  -0.94
  9.51  -0.94
  9.51  -0.94
  9.52  -0.93
  9.52  -0.92
  9.52  -0.92
  9.53  -0.91
  9.53  -0.92
  9.53  -0.93
  9.53  -0.94
  9.54  -0.94
  9.54  -0.95
  9.54  -0.95
  9.54  -0.94
  9.55  -0.93
  9.55  -0.92
  9.55  -0.92
  9.56  -0.92
  9.56  -0.91
  9.56  -0.91
  9.56  -0.91
  9.57  -0.93
  9.57  -0.92
  9.57  -0.92
  9.57  -0.91
  9.58  -0.91
  9.58  -0.90
  9.58  -0.87
  9.59  -0.84
  9.59  -0.84
  9.59  -0.83
  9.59  -0.82
  9.60  -0.83
  9.60  -0.84
  9.60  -0.83
  9.61  -0.83
  9.61  -0.81
  9.61  -0.78
  9.61  -0.76
  9.62  -0.74
  9.62  -0.72
  9.62  -0.72
  9.62  -0.72
  9.63  -0.73
  9.63  -0.73
  9.63  -0.76
  9.64  -0.77
  9.64  -0.80
  9.64  -0.81
  9.64  -0.80
  9.65  -0.80
  9.65  -0.81
  9.65  -0.81
  9.66  -0.84
  9.66  -0.84
  9.66  -0.88
  9.66  -0.89
  9.67  -0.90
  9.67  -0.91
  9.67  -0.90
  9.68  -0.93
  9.68  -0.93
  9.68  -0.91
  9.68  -0.91
  9.69  -0.90
  9.69  -0.89
  9.69  -0.90
  9.69  -0.92
  9.70  -0.93
  9.70  -0.93
  9.70  -0.95
  9.71  -0.94
  9.71  -0.94
  9.71  -0.93
  9.71  -0.94
  9.72  -0.91
  9.72  -0.91
  9.72  -0.90
  9.72  -0.91
  9.73  -0.90
  9.73  -0.91
  9.73  -0.93
  9.74  -0.93
  9.74  -0.93
  9.74  -0.92
  9.74  -0.92
  9.75  -0.91
  9.75  -0.89
  9.75  -0.86
  9.76  -0.85
  9.76  -0.80
  9.76  -0.75
  9.76  -0.65
  9.77  -0.56
  9.77  -0.44
  9.77  -0.30
  9.78  -0.15
  9.78  -0.03
  9.78   0.00
  9.78  -0.04
  9.79  -0.17
  9.79  -0.40
  9.79  -0.66
  9.79  -0.98
  9.80  -1.23
  9.80  -1.48
  9.80  -1.64
  9.81  -1.70
  9.81  -1.65
  9.81  -1.57
  9.81  -1.44
  9.82  -1.31
  9.82  -1.23
  9.82  -1.16
  9.82  -1.09
  9.83  -1.03
  9.83  -0.96
  9.83  -0.91
  9.84  -0.88
  9.84  -0.85
  9.84  -0.81
  9.84  -0.83
  9.85  -0.82
  9.85  -0.83
  9.85  -0.81
  9.86  -0.80
  9.86  -0.80
  9.86  -0.77
  9.86  -0.78
  9.87  -0.78
  9.87  -0.78
  9.87  -0.79
  9.88  -0.79
  9.88  -0.79
  9.88  -0.78
  9.88  -0.77
  9.89  -0.75
  9.89  -0.74
  9.89  -0.73
  9.89  -0.74
  9.90  -0.73
  9.90  -0.74
  9.90  -0.75
  9.91  -0.75
  9.91  -0.75
  9.91  -0.73
  9.91  -0.72
  9.92  -0.71
  9.92  -0.69
  9.92  -0.69
  9.93  -0.69
  9.93  -0.71
  9.93  -0.70
  9.93  -0.71
  9.94  -0.71
  9.94  -0.70
  9.94  -0.70
  9.94  -0.69
  9.95  -0.68
  9.95  -0.66
  9.95  -0.66
  9.96  -0.63
  9.96  -0.62
  9.96  -0.62
  9.96  -0.64
  9.97  -0.62
  9.97  -0.62
  9.97  -0.62
  9.97  -0.60
  9.98  -0.60
  9.98  -0.58
  9.98  -0.57
  9.99  -0.56
  9.99  -0.54
  9.99  -0.54
  9.99  -0.52
 10.00  -0.52
