41.00
67.00
34.00
0.00
69.00
24.00
78.00
58.00
62.00
64.00
5.00
45.00
81.00
27.00
61.00
91.00
95.00
42.00
27.00
36.00
91.00
4.00
2.00
53.00
92.00
82.00
21.00
16.00
18.00
95.00
47.00
26.00
71.00
38.00
69.00
12.00
67.00
99.00
35.00
94.00
3.00
11.00
22.00
33.00
73.00
64.00
41.00
11.00
53.00
68.00
47.00
44.00
62.00
57.00
37.00
59.00
23.00
41.00
29.00
78.00
16.00
35.00
90.00
42.00
88.00
6.00
40.00
42.00
64.00
48.00
46.00
5.00
90.00
29.00
70.00
50.00
6.00
1.00
93.00
48.00
29.00
23.00
84.00
54.00
56.00
40.00
66.00
76.00
31.00
8.00
44.00
39.00
26.00
23.00
37.00
38.00
18.00
82.00
29.00
41.00
